6
1 2
2 1
10 20
20 10
2 1
1 2
6
1 2
3 4
5 6
6 5
4 3
1 2
392
88 30
7 44
75 95
46 16
100 89
63 29
74 98
10 6
30 61
95 75
45 29
66 58
86 10
24 69
78 83
6 9
82 16
65 17
96 12
22 4
81 90
26 83
32 68
16 46
11 33
69 92
60 82
26 85
38 70
70 13
71 62
58 66
65 32
52 60
43 42
92 17
68 58
62 40
69 32
3 44
72 5
17 92
96 15
77 71
98 57
86 71
100 85
82 60
29 71
29 41
58 29
95 12
50 4
88 65
13 70
12 86
83 78
56 38
97 48
13 68
98 88
53 87
50 60
21 4
17 65
80 91
38 56
5 72
27 42
44 57
60 15
36 50
95 99
97 90
93 97
26 86
95 87
91 87
12 94
48 72
18 15
41 29
41 35
8 55
57 30
50 65
87 91
51 87
87 51
30 88
78 41
73 96
15 78
66 12
27 48
28 49
36 93
56 62
56 41
46 87
15 96
89 68
80 10
4 21
65 30
22 18
44 18
60 63
65 22
30 68
83 31
72 53
4 69
90 35
84 31
12 66
47 28
74 22
28 45
68 68
2 83
16 98
21 53
94 22
40 62
13 46
57 44
48 76
18 44
2 99
85 43
57 98
29 65
40 9
48 27
29 90
83 26
83 2
6 10
52 79
50 36
66 28
42 43
60 100
69 14
53 21
80 87
22 13
84 41
60 52
99 95
99 2
9 6
22 94
49 19
46 13
58 68
69 74
59 18
18 22
29 45
26 46
67 41
93 62
14 35
100 60
94 6
17 47
74 69
79 52
90 29
96 73
30 57
87 9
98 57
26 5
97 93
46 88
94 12
49 87
62 25
68 32
61 30
22 65
18 87
53 72
84 49
68 13
73 38
23 3
19 76
85 100
69 4
56 90
29 58
74 26
37 29
45 66
88 65
71 77
5 88
87 46
27 57
68 68
25 58
32 69
50 68
71 86
10 51
5 65
72 94
4 50
4 58
7 31
78 15
60 50
87 49
85 52
62 12
9 87
45 79
94 16
41 5
65 88
57 27
37 60
88 5
80 86
90 97
30 46
12 96
14 69
28 66
6 94
30 50
58 25
87 90
10 80
51 10
35 41
50 30
70 38
47 50
55 8
65 68
33 11
18 59
86 12
46 26
31 4
89 100
15 60
88 46
95 54
26 74
57 42
38 29
98 44
96 97
63 25
13 60
100 100
22 75
94 72
76 48
59 47
43 85
93 36
98 16
42 62
50 47
62 56
62 71
29 37
25 90
87 95
85 26
52 85
5 26
89 62
97 82
77 68
90 87
45 28
7 25
30 65
63 60
31 84
22 41
44 7
35 14
4 22
38 73
12 62
31 7
61 94
10 86
19 33
69 24
31 83
50 79
76 56
90 81
43 8
66 45
46 30
88 98
49 84
65 5
85 36
63 55
87 53
25 62
3 80
86 26
73 2
47 59
44 98
36 85
32 65
25 7
86 80
17 93
48 97
8 43
72 48
94 61
68 77
65 88
41 78
74 21
62 42
54 95
16 94
16 82
19 49
12 95
58 4
98 74
62 93
60 13
91 80
60 37
76 19
56 76
49 28
65 50
75 22
33 19
42 57
82 97
29 63
22 74
79 50
41 22
90 56
62 89
93 17
35 90
68 30
68 50
41 56
87 18
29 38
15 18
4 31
68 65
71 29
25 63
3 23
65 29
42 27
5 41
68 89
79 45
90 25
87 80
44 3
47 17
28 47
57 98
2 73
13 22
55 63
100 100
41 84
21 74
80 3
41 67
92 69
9 40
97 96
0